1,	1,	0,	0,	-4.07024,	-1.53586e-19
2,	2,	0,	0,	-4.07024,	1.36058e-19
0,	0,	0,	0,	-1.97481,	-1.37928e-18
2,	0,	1,	0,	1.28563,	3.13008e-09
0,	2,	-1,	0,	1.28563,	-3.13007e-09
1,	0,	0,	1,	-1.28563,	-2.49464e-10
0,	1,	0,	-1,	-1.28563,	2.49459e-10
0,	1,	0,	0,	1.28563,	3.66498e-11
1,	0,	0,	0,	1.28563,	-3.66499e-11
0,	2,	0,	0,	-1.28563,	-1.42314e-09
2,	0,	0,	0,	-1.28563,	1.42314e-09
2,	1,	0,	0,	-0.613413,	-1.99841e-09
1,	2,	0,	0,	-0.613413,	1.99841e-09
2,	1,	1,	0,	0.613413,	-3.7803e-09
1,	2,	-1,	0,	0.613413,	3.7803e-09
1,	2,	0,	1,	0.613413,	-1.63809e-09
2,	1,	0,	-1,	0.613413,	1.63809e-09
2,	1,	1,	-1,	-0.613409,	3.70921e-09
1,	2,	-1,	1,	-0.613409,	-3.70921e-09
2,	2,	1,	0,	0.133966,	-3.16415e-10
1,	1,	0,	1,	0.133966,	-1.53918e-10
1,	1,	0,	-1,	0.133966,	1.5392e-10
2,	2,	-1,	0,	0.133966,	3.16417e-10
2,	2,	1,	-1,	0.0596584,	-9.18028e-12
1,	1,	-1,	1,	0.0596584,	-9.17955e-12
2,	2,	-1,	1,	0.0596584,	9.18083e-12
1,	1,	1,	-1,	0.0596584,	9.18018e-12
1,	1,	-1,	-1,	0.0596584,	-2.67872e-11
1,	1,	1,	1,	0.0596584,	2.67867e-11
2,	2,	-1,	-1,	0.0596584,	-6.39913e-11
2,	2,	1,	1,	0.0596584,	6.39907e-11
2,	0,	1,	1,	-0.0384059,	3.39679e-10
1,	0,	1,	1,	0.0384059,	-4.09847e-11
0,	2,	-1,	-1,	-0.0384059,	-3.3968e-10
0,	1,	-1,	-1,	0.0384059,	4.09858e-11
0,	2,	-1,	1,	-0.0384059,	-1.75617e-11
0,	1,	1,	-1,	0.0384059,	6.21998e-11
2,	0,	1,	-1,	-0.0384059,	1.75609e-11
1,	0,	-1,	1,	0.0384059,	-6.21989e-11
0,	2,	0,	1,	0.038404,	-2.10818e-10
0,	1,	1,	0,	-0.038404,	6.15755e-11
2,	0,	0,	-1,	0.038404,	2.10819e-10
1,	0,	-1,	0,	-0.038404,	-6.15764e-11
2,	0,	0,	1,	0.038404,	-2.55391e-11
1,	0,	1,	0,	-0.038404,	2.96628e-12
0,	2,	0,	-1,	0.038404,	2.554e-11
0,	1,	-1,	0,	-0.038404,	-2.96717e-12
2,	0,	-1,	0,	-0.0202886,	2.99142e-09
0,	2,	1,	0,	-0.0202886,	-2.99142e-09
1,	0,	0,	-1,	0.0202886,	6.1007e-11
0,	1,	0,	1,	0.0202886,	-6.10067e-11
0,	2,	-2,	0,	0.0202886,	-2.99341e-09
0,	1,	0,	-2,	-0.0202886,	-5.91249e-11
2,	0,	2,	0,	0.0202886,	2.99341e-09
1,	0,	0,	2,	-0.0202886,	5.91248e-11
1,	1,	-1,	0,	-0.0125679,	1.98743e-10
2,	2,	0,	-1,	-0.0125679,	3.6124e-10
1,	1,	1,	0,	-0.0125679,	-1.9874e-10
2,	2,	0,	1,	-0.0125679,	-3.61238e-10
1,	2,	-2,	-1,	0.0113986,	6.35612e-09
2,	1,	2,	1,	0.0113986,	-6.35612e-09
2,	1,	-1,	-2,	0.0113986,	6.35612e-09
1,	2,	1,	2,	0.0113986,	-6.35612e-09
2,	1,	-1,	1,	-0.0113985,	-6.92018e-09
1,	2,	1,	-1,	-0.0113985,	6.92018e-09
1,	2,	-2,	2,	-0.0113985,	-6.92018e-09
2,	1,	2,	-2,	-0.0113985,	6.92018e-09
0,	0,	0,	1,	0.0111384,	-1.30508e-10
0,	0,	1,	0,	0.0111384,	-1.30508e-10
0,	0,	-1,	0,	0.0111384,	1.3051e-10
0,	0,	0,	-1,	0.0111384,	1.30509e-10
2,	2,	-2,	0,	-0.0083502,	1.66989e-10
1,	1,	0,	-2,	-0.0083502,	1.85592e-10
1,	1,	0,	2,	-0.0083502,	-1.8559e-10
2,	2,	2,	0,	-0.0083502,	-1.66988e-10
1,	2,	0.5,	1.5,	0.0036317,	5.50942e-09
2,	1,	-0.5,	-1.5,	0.0036317,	-5.50942e-09
2,	1,	1.5,	0.5,	0.0036317,	5.50942e-09
1,	2,	-1.5,	-0.5,	0.0036317,	-5.50942e-09
2,	1,	1.5,	-1.5,	-0.00362915,	-7.52737e-09
1,	2,	-1.5,	1.5,	-0.00362915,	7.52737e-09
1,	2,	-1.5,	1.5,	-0.00362913,	7.76658e-09
2,	1,	1.5,	-1.5,	-0.00362913,	-7.76658e-09
1,	2,	0.5,	-0.5,	-0.00362903,	-6.52594e-09
2,	1,	-0.5,	0.5,	-0.00362903,	6.52594e-09
1,	2,	0.5,	-0.5,	-0.00362902,	-4.10119e-09
2,	1,	-0.5,	0.5,	-0.00362902,	4.10119e-09
2,	1,	-0.5,	-1.5,	0.0036277,	-2.40415e-09
1,	2,	0.5,	1.5,	0.0036277,	2.40415e-09
1,	2,	-1.5,	-0.5,	0.00362769,	-5.06812e-09
2,	1,	1.5,	0.5,	0.00362769,	5.06812e-09
0,	2,	1,	1,	-0.00352314,	-1.78615e-10
2,	0,	-1,	-1,	-0.00352314,	1.78615e-10
0,	1,	1,	1,	0.00352314,	7.12519e-11
1,	0,	-1,	-1,	0.00352314,	-7.12514e-11
2,	0,	-1,	1,	-0.00352314,	9.78811e-11
0,	2,	1,	-1,	-0.00352314,	-9.78808e-11
1,	0,	1,	-1,	0.00352314,	-1.42518e-10
0,	1,	-1,	1,	0.00352314,	1.42517e-10
2,	0,	2,	1,	0.00352314,	1.79399e-10
0,	2,	-2,	-1,	0.00352314,	-1.79399e-10
1,	0,	1,	2,	-0.00352314,	-7.18258e-11
0,	1,	-1,	-2,	-0.00352314,	7.18258e-11
2,	0,	2,	-1,	0.00352314,	9.83059e-11
1,	0,	-1,	2,	-0.00352314,	-1.4345e-10
0,	2,	-2,	1,	0.00352314,	-9.83064e-11
0,	1,	1,	-2,	-0.00352314,	1.4345e-10
2,	2,	2,	-1,	0.00300624,	-1.57385e-10
1,	1,	-1,	2,	0.00300624,	1.67608e-10
1,	1,	1,	-2,	0.00300624,	-1.67609e-10
2,	2,	-2,	1,	0.00300624,	1.57385e-10
2,	2,	2,	1,	0.00300624,	1.43018e-10
2,	2,	-2,	-1,	0.00300624,	-1.43019e-10
1,	1,	1,	2,	0.00300624,	-1.29362e-10
1,	1,	-1,	-2,	0.00300624,	1.29362e-10
2,	2,	1.5,	-0.5,	0.00291921,	-8.64802e-11
2,	2,	-1.5,	0.5,	0.00291921,	8.64803e-11
1,	1,	-0.5,	1.5,	0.00291921,	1.04598e-10
1,	1,	0.5,	-1.5,	0.00291921,	-1.04598e-10
1,	1,	-0.5,	-1.5,	0.0029183,	6.87204e-11
2,	2,	-1.5,	-0.5,	0.0029183,	-6.80736e-11
1,	1,	0.5,	1.5,	0.0029183,	-6.87204e-11
2,	2,	1.5,	0.5,	0.0029183,	6.80737e-11
1,	1,	-0.5,	-1.5,	0.00291798,	-4.44552e-11
2,	2,	-1.5,	-0.5,	0.00291798,	4.6661e-12
1,	1,	0.5,	1.5,	0.00291798,	4.44549e-11
2,	2,	1.5,	0.5,	0.00291798,	-4.6661e-12
2,	2,	-1.5,	0.5,	0.00291779,	2.40674e-11
1,	1,	0.5,	-1.5,	0.00291779,	-2.42962e-11
2,	2,	1.5,	-0.5,	0.00291779,	-2.4067e-11
1,	1,	-0.5,	1.5,	0.00291779,	2.42963e-11
2,	2,	1,	-2,	-0.00281259,	1.52092e-10
2,	2,	-1,	2,	-0.00281259,	-1.52093e-10
1,	1,	-2,	1,	-0.00281259,	-1.72903e-10
1,	1,	2,	-1,	-0.00281259,	1.72902e-10
1,	1,	-2,	-1,	-0.00281259,	1.26548e-10
1,	1,	2,	1,	-0.00281259,	-1.26548e-10
2,	2,	-1,	-2,	-0.00281259,	-1.45832e-10
2,	2,	1,	2,	-0.00281259,	1.45832e-10
0,	0,	1,	-1,	0.00254774,	-2.02056e-16
0,	0,	-1,	1,	0.00254774,	3.58694e-16
0,	0,	-1,	-1,	0.00254774,	-3.08295e-12
0,	0,	1,	1,	0.00254774,	3.08259e-12
2,	2,	-0.5,	0.5,	-0.00251689,	2.49241e-12
1,	1,	0.5,	-0.5,	-0.00251689,	2.4926e-12
2,	2,	0.5,	-0.5,	-0.00251689,	-2.49258e-12
1,	1,	-0.5,	0.5,	-0.00251689,	-2.49271e-12
1,	1,	-0.5,	-0.5,	-0.00251572,	3.37966e-10
2,	2,	-0.5,	-0.5,	-0.00251572,	7.31887e-10
1,	1,	0.5,	0.5,	-0.00251572,	-3.37965e-10
2,	2,	0.5,	0.5,	-0.00251572,	-7.31887e-10
2,	2,	-0.5,	0.5,	-0.00251396,	1.659e-11
1,	1,	-0.5,	0.5,	-0.00251396,	-1.65902e-11
1,	1,	0.5,	-0.5,	-0.00251396,	1.65899e-11
2,	2,	0.5,	-0.5,	-0.00251396,	-1.65903e-11
1,	1,	-0.5,	-0.5,	-0.00251272,	-4.09055e-11
2,	2,	-0.5,	-0.5,	-0.00251272,	5.58226e-11
1,	1,	0.5,	0.5,	-0.00251272,	4.09056e-11
2,	2,	0.5,	0.5,	-0.00251272,	-5.58225e-11
1,	1,	2,	2,	0.00213549,	1.27968e-12
2,	2,	2,	2,	0.00213549,	1.27971e-12
1,	1,	-2,	-2,	0.00213549,	-1.28028e-12
2,	2,	-2,	-2,	0.00213549,	-1.28034e-12
1,	1,	-2,	2,	0.00213549,	-1.3206e-13
1,	1,	2,	-2,	0.00213549,	1.30997e-13
2,	2,	2,	-2,	0.00213549,	-1.31353e-13
2,	2,	-2,	2,	0.00213549,	1.30275e-13
0,	1,	2,	-2,	0.00169841,	1.39841e-11
0,	2,	-2,	2,	-0.00169841,	8.19054e-10
1,	0,	-2,	2,	0.00169841,	-1.39835e-11
2,	0,	2,	-2,	-0.00169841,	-8.19055e-10
0,	1,	-2,	-2,	0.00169841,	-2.43548e-11
0,	2,	-2,	-2,	-0.00169841,	7.78736e-10
1,	0,	2,	2,	0.00169841,	2.43551e-11
2,	0,	2,	2,	-0.00169841,	-7.78736e-10
2,	0,	-1,	2,	0.00169841,	-8.19005e-10
0,	2,	1,	-2,	0.00169841,	8.19004e-10
1,	0,	2,	-1,	-0.00169841,	-1.45405e-11
0,	1,	-2,	1,	-0.00169841,	1.45407e-11
2,	0,	-1,	-2,	0.00169841,	-7.7818e-10
0,	2,	1,	2,	0.00169841,	7.7818e-10
1,	0,	-2,	-1,	-0.00169841,	2.43056e-11
0,	1,	2,	1,	-0.00169841,	-2.43054e-11
