1,	1,	0,	0,	-4.61891,	8.14976e-19
2,	2,	0,	0,	-4.61891,	-1.13455e-18
0,	0,	0,	0,	-2.14202,	2.47832e-18
1,	0,	0,	0,	1.39305,	-8.61512e-11
0,	1,	0,	0,	1.39305,	8.61512e-11
2,	0,	0,	0,	-1.39305,	9.43105e-10
0,	2,	0,	0,	-1.39305,	-9.43105e-10
2,	0,	1,	0,	1.39305,	1.91372e-09
0,	2,	-1,	0,	1.39305,	-1.91372e-09
0,	1,	0,	-1,	-1.39305,	-4.2663e-11
1,	0,	0,	1,	-1.39305,	4.26568e-11
2,	1,	0,	0,	-0.626465,	-6.95306e-10
1,	2,	0,	0,	-0.626465,	6.95306e-10
2,	1,	1,	0,	0.626464,	-1.48054e-09
1,	2,	0,	1,	0.626464,	-5.94557e-10
2,	1,	0,	-1,	0.626464,	5.9456e-10
1,	2,	-1,	0,	0.626464,	1.48055e-09
2,	1,	1,	-1,	-0.626463,	1.00925e-09
1,	2,	-1,	1,	-0.626463,	-1.00926e-09
1,	1,	0,	1,	0.12171,	-9.51078e-11
2,	2,	1,	0,	0.12171,	2.92667e-10
1,	1,	0,	-1,	0.12171,	9.51126e-11
2,	2,	-1,	0,	0.12171,	-2.92662e-10
1,	1,	-1,	1,	0.0599978,	2.71998e-12
1,	1,	1,	-1,	0.0599978,	-2.71942e-12
2,	2,	1,	-1,	0.0599978,	2.71989e-12
2,	2,	-1,	1,	0.0599978,	-2.71932e-12
1,	1,	-1,	-1,	0.0599978,	-3.26468e-10
1,	1,	1,	1,	0.0599978,	3.26469e-10
2,	2,	-1,	-1,	0.0599978,	3.64445e-10
2,	2,	1,	1,	0.0599978,	-3.64444e-10
2,	0,	1,	1,	-0.0369656,	1.77831e-09
1,	0,	1,	1,	0.0369656,	1.95527e-10
0,	2,	-1,	-1,	-0.0369656,	-1.77831e-09
0,	1,	-1,	-1,	0.0369656,	-1.95526e-10
0,	2,	-1,	1,	-0.0369656,	-1.41464e-09
0,	1,	1,	-1,	0.0369656,	2.87974e-10
2,	0,	1,	-1,	-0.0369656,	1.41464e-09
1,	0,	-1,	1,	0.0369656,	-2.87972e-10
0,	2,	0,	1,	0.036965,	-8.7292e-10
0,	1,	1,	0,	-0.036965,	-1.14269e-10
2,	0,	0,	-1,	0.036965,	8.72922e-10
1,	0,	-1,	0,	-0.036965,	1.14268e-10
2,	0,	0,	1,	0.036965,	7.21237e-10
1,	0,	1,	0,	-0.036965,	-1.5725e-10
0,	2,	0,	-1,	0.036965,	-7.21236e-10
0,	1,	-1,	0,	-0.036965,	1.57249e-10
0,	2,	-2,	0,	0.016714,	-2.21933e-09
0,	1,	0,	-2,	-0.016714,	-1.59979e-10
2,	0,	2,	0,	0.016714,	2.21933e-09
1,	0,	0,	2,	-0.016714,	1.5998e-10
1,	0,	0,	-1,	0.016714,	1.58632e-10
2,	0,	-1,	0,	-0.016714,	2.22095e-09
0,	1,	0,	1,	0.016714,	-1.58632e-10
0,	2,	1,	0,	-0.016714,	-2.22095e-09
0,	0,	0,	1,	0.012524,	5.08938e-11
0,	0,	1,	0,	0.012524,	5.08942e-11
0,	0,	0,	-1,	0.012524,	-5.08923e-11
0,	0,	-1,	0,	0.012524,	-5.08922e-11
1,	2,	-2,	-1,	0.0107888,	4.37981e-09
2,	1,	-1,	-2,	0.0107888,	4.37981e-09
2,	1,	2,	1,	0.0107888,	-4.37981e-09
1,	2,	1,	2,	0.0107888,	-4.37981e-09
1,	2,	1,	-1,	-0.0107888,	5.06902e-09
2,	1,	-1,	1,	-0.0107888,	-5.06902e-09
1,	2,	-2,	2,	-0.0107888,	-5.06902e-09
2,	1,	2,	-2,	-0.0107888,	5.06902e-09
1,	1,	0,	2,	-0.00661054,	2.51243e-10
2,	2,	2,	0,	-0.00661054,	-9.42143e-11
1,	1,	0,	-2,	-0.00661054,	-2.51243e-10
2,	2,	-2,	0,	-0.00661054,	9.42149e-11
2,	2,	0,	1,	0.00537461,	3.06176e-10
1,	1,	1,	0,	0.00537461,	-8.15935e-11
2,	2,	0,	-1,	0.00537461,	-3.06173e-10
1,	1,	-1,	0,	0.00537461,	8.15978e-11
1,	2,	0.5,	1.5,	0.00416291,	1.14075e-09
2,	1,	-0.5,	-1.5,	0.00416291,	-1.14075e-09
1,	2,	-1.5,	-0.5,	0.00416291,	-2.73136e-09
2,	1,	1.5,	0.5,	0.00416291,	2.73136e-09
1,	2,	0.5,	-0.5,	-0.00416201,	-3.77143e-09
2,	1,	-0.5,	0.5,	-0.00416201,	3.77143e-09
2,	1,	-0.5,	0.5,	-0.00416201,	2.37186e-09
1,	2,	0.5,	-0.5,	-0.00416201,	-2.37186e-09
1,	2,	0.5,	1.5,	0.00416091,	3.05956e-09
2,	1,	-0.5,	-1.5,	0.00416091,	-3.05956e-09
2,	1,	1.5,	0.5,	0.00416091,	3.05956e-09
1,	2,	-1.5,	-0.5,	0.00416091,	-3.05956e-09
2,	1,	1.5,	-1.5,	-0.00416073,	-4.39776e-09
1,	2,	-1.5,	1.5,	-0.00416073,	4.39776e-09
1,	2,	-1.5,	1.5,	-0.00416072,	4.5888e-09
2,	1,	1.5,	-1.5,	-0.00416072,	-4.5888e-09
0,	2,	-2,	-1,	0.00403147,	-1.5298e-09
2,	0,	2,	1,	0.00403147,	1.5298e-09
0,	1,	-1,	-2,	-0.00403147,	1.07107e-10
1,	0,	1,	2,	-0.00403147,	-1.07107e-10
2,	0,	2,	-1,	0.00403147,	1.38312e-09
0,	2,	-2,	1,	0.00403147,	-1.38312e-09
1,	0,	-1,	2,	-0.00403147,	-2.55149e-10
0,	1,	1,	-2,	-0.00403147,	2.55149e-10
0,	2,	1,	1,	-0.00403147,	-1.53033e-09
2,	0,	-1,	-1,	-0.00403147,	1.53033e-09
0,	1,	1,	1,	0.00403147,	1.07102e-10
1,	0,	-1,	-1,	0.00403147,	-1.07102e-10
2,	0,	-1,	1,	-0.00403147,	1.38274e-09
0,	2,	1,	-1,	-0.00403147,	-1.38274e-09
1,	0,	1,	-1,	0.00403147,	-2.56066e-10
0,	1,	-1,	1,	0.00403147,	2.56066e-10
2,	2,	-1.5,	-0.5,	0.00393799,	1.23559e-10
2,	2,	1.5,	0.5,	0.00393799,	-1.23559e-10
1,	1,	0.5,	1.5,	0.00393799,	9.74801e-11
1,	1,	-0.5,	-1.5,	0.00393799,	-9.74805e-11
2,	2,	-1.5,	0.5,	0.0039358,	-2.9549e-10
2,	2,	1.5,	-0.5,	0.0039358,	2.95489e-10
1,	1,	0.5,	-1.5,	0.0039358,	3.1027e-10
1,	1,	-0.5,	1.5,	0.0039358,	-3.1027e-10
1,	1,	0.5,	-1.5,	0.00393547,	1.44538e-10
2,	2,	-1.5,	0.5,	0.00393547,	-1.47772e-10
1,	1,	-0.5,	1.5,	0.00393547,	-1.44538e-10
2,	2,	1.5,	-0.5,	0.00393547,	1.47772e-10
2,	2,	1.5,	0.5,	0.0039303,	-4.12185e-10
2,	2,	-1.5,	-0.5,	0.0039303,	4.12184e-10
1,	1,	0.5,	1.5,	0.0039303,	4.14592e-10
1,	1,	-0.5,	-1.5,	0.0039303,	-4.14592e-10
2,	2,	1,	-2,	-0.00276223,	-3.8318e-10
2,	2,	-1,	2,	-0.00276223,	3.83179e-10
1,	1,	-2,	1,	-0.00276223,	3.92366e-10
1,	1,	2,	-1,	-0.00276223,	-3.92367e-10
2,	2,	1,	2,	-0.00276223,	9.79709e-11
2,	2,	-1,	-2,	-0.00276223,	-9.7971e-11
1,	1,	2,	1,	-0.00276223,	-1.03584e-10
1,	1,	-2,	-1,	-0.00276223,	1.03584e-10
2,	2,	-2,	2,	0.00231465,	3.35992e-14
2,	2,	2,	-2,	0.00231465,	-3.35155e-14
1,	1,	2,	-2,	0.00231465,	3.34917e-14
1,	1,	-2,	2,	0.00231465,	-3.34513e-14
2,	2,	-2,	-2,	0.00231465,	5.02611e-13
1,	1,	-2,	-2,	0.00231465,	5.0248e-13
2,	2,	2,	2,	0.00231465,	-5.01928e-13
1,	1,	2,	2,	0.00231465,	-5.01808e-13
1,	1,	-0.5,	-0.5,	-0.00230844,	2.89026e-10
1,	1,	0.5,	0.5,	-0.00230844,	-2.89026e-10
2,	2,	-0.5,	-0.5,	-0.00230844,	-2.95593e-10
2,	2,	0.5,	0.5,	-0.00230844,	2.95593e-10
2,	2,	0.5,	-0.5,	-0.0023021,	1.01128e-11
1,	1,	0.5,	-0.5,	-0.0023021,	-1.01127e-11
1,	1,	-0.5,	0.5,	-0.0023021,	1.01128e-11
2,	2,	-0.5,	0.5,	-0.0023021,	-1.01129e-11
2,	2,	-0.5,	0.5,	-0.00230091,	-5.71316e-13
2,	2,	0.5,	-0.5,	-0.00230091,	5.71144e-13
1,	1,	0.5,	-0.5,	-0.00230091,	-5.71177e-13
1,	1,	-0.5,	0.5,	-0.00230091,	5.71133e-13
1,	1,	-0.5,	-0.5,	-0.00229952,	-4.17477e-10
2,	2,	-0.5,	-0.5,	-0.00229952,	-4.28686e-10
1,	1,	0.5,	0.5,	-0.00229952,	4.17475e-10
2,	2,	0.5,	0.5,	-0.00229952,	4.28684e-10
2,	0,	2,	2,	-0.00173866,	-1.03871e-09
1,	0,	2,	2,	0.00173866,	2.11009e-11
0,	2,	-2,	-2,	-0.00173866,	1.03871e-09
0,	1,	-2,	-2,	0.00173866,	-2.11018e-11
2,	0,	2,	-2,	-0.00173866,	-1.1532e-09
1,	0,	-2,	2,	0.00173866,	-9.4002e-11
0,	2,	-2,	2,	-0.00173866,	1.1532e-09
0,	1,	2,	-2,	0.00173866,	9.40017e-11
2,	0,	-1,	-2,	0.00173866,	-1.03948e-09
1,	0,	-2,	-1,	-0.00173866,	2.0567e-11
0,	2,	1,	2,	0.00173866,	1.03948e-09
0,	1,	2,	1,	-0.00173866,	-2.05677e-11
1,	0,	2,	-1,	-0.00173866,	-9.32314e-11
2,	0,	-1,	2,	0.00173866,	-1.15267e-09
0,	1,	-2,	1,	-0.00173866,	9.32317e-11
0,	2,	1,	-2,	0.00173866,	1.15267e-09
0,	0,	1,	-1,	0.00173304,	4.39231e-16
0,	0,	-1,	1,	0.00173304,	-2.65934e-16
0,	0,	-1,	-1,	0.00173304,	1.91654e-12
0,	0,	1,	1,	0.00173304,	-1.91628e-12
2,	1,	0,	1,	0.00160251,	-2.33916e-09
1,	2,	0,	-1,	0.00160251,	2.33916e-09
1,	2,	1,	0,	0.00160251,	1.58596e-09
2,	1,	-1,	0,	0.00160251,	-1.58596e-09
1,	2,	0,	2,	-0.0016025,	-2.38486e-09
2,	1,	0,	-2,	-0.0016025,	2.38486e-09
2,	1,	2,	0,	-0.0016025,	-1.24096e-09
1,	2,	-2,	0,	-0.0016025,	1.24096e-09
1,	2,	-1,	2,	0.00159954,	-4.67725e-09
2,	1,	1,	-2,	0.00159954,	4.67725e-09
2,	1,	2,	-1,	0.00159954,	1.40103e-09
1,	2,	-2,	1,	0.00159954,	-1.40103e-09
2,	1,	1,	1,	-0.00159954,	-4.76994e-09
1,	2,	-1,	-1,	-0.00159954,	4.76994e-09
1,	2,	1,	1,	-0.00159954,	-7.10173e-10
2,	1,	-1,	-1,	-0.00159954,	7.10173e-10
2,	2,	0,	2,	-0.00155215,	-9.12339e-11
1,	1,	2,	0,	-0.00155215,	2.54222e-10
2,	2,	0,	-2,	-0.00155215,	9.12342e-11
1,	1,	-2,	0,	-0.00155215,	-2.54222e-10
0,	0,	0,	2,	-0.00113853,	3.75208e-11
0,	0,	2,	0,	-0.00113853,	3.7521e-11
0,	0,	0,	-2,	-0.00113853,	-3.75206e-11
0,	0,	-2,	0,	-0.00113853,	-3.75207e-11
1,	1,	-1.5,	-0.5,	-0.00103586,	-4.13071e-10
1,	1,	1.5,	0.5,	-0.00103586,	4.13071e-10
2,	2,	-0.5,	-1.5,	-0.00103586,	4.13706e-10
2,	2,	0.5,	1.5,	-0.00103586,	-4.13706e-10
1,	1,	1.5,	-0.5,	-0.00103137,	-3.08074e-10
1,	1,	-1.5,	0.5,	-0.00103137,	3.08074e-10
2,	2,	-0.5,	1.5,	-0.00103137,	2.97685e-10
2,	2,	0.5,	-1.5,	-0.00103137,	-2.97686e-10
1,	1,	1.5,	-0.5,	-0.00103057,	-1.45955e-10
2,	2,	-0.5,	1.5,	-0.00103057,	1.46355e-10
1,	1,	-1.5,	0.5,	-0.00103057,	1.45955e-10
2,	2,	0.5,	-1.5,	-0.00103057,	-1.46355e-10
2,	2,	-0.5,	-1.5,	-0.00102802,	1.09632e-10
2,	2,	0.5,	1.5,	-0.00102802,	-1.09633e-10
1,	1,	-1.5,	-0.5,	-0.00102802,	-1.11408e-10
1,	1,	1.5,	0.5,	-0.00102802,	1.11408e-10
